1 4.000000  0.109586  0.002423  0.676097  0.004531  
2 5.000000  0.076102  0.003729  0.584371  0.015801  
3 6.000000  0.061575  0.004129  0.538165  0.019328  
4 7.000000  0.053004  0.004374  0.509099  0.021808  
5 8.000000  0.047189  0.004578  0.488723  0.023979  
6 9.000000  0.042912  0.004764  0.473501  0.026008  
7 10.000000  0.039594  0.004941  0.461635  0.027947  
8 11.000000  0.036925  0.005109  0.452095  0.029817  
9 12.000000  0.034716  0.005269  0.444234  0.031625  
10 13.000000  0.032849  0.005422  0.437627  0.033377  
11 14.000000  0.031244  0.005568  0.431976  0.035073  
12 15.000000  0.029846  0.005706  0.427069  0.036715  
13 16.000000  0.028612  0.005837  0.422748  0.038304  
14 17.000000  0.027515  0.005960  0.418897  0.039839  
15 18.000000  0.026530  0.006077  0.415424  0.041323  
16 19.000000  0.025640  0.006187  0.412261  0.042756  
17 20.000000  0.024830  0.006291  0.409351  0.044138  
18 21.000000  0.024089  0.006388  0.406653  0.045471  
19 22.000000  0.023409  0.006478  0.404131  0.046755  
20 23.000000  0.022781  0.006563  0.401758  0.047993  
21 24.000000  0.022199  0.006643  0.399511  0.049185  
22 25.000000  0.021658  0.006717  0.397373  0.050332  
23 26.000000  0.021153  0.006786  0.395329  0.051437  
24 27.000000  0.020681  0.006850  0.393366  0.052501  
25 28.000000  0.020238  0.006910  0.391476  0.053525  
26 29.000000  0.019821  0.006965  0.389648  0.054510  
27 30.000000  0.019429  0.007017  0.387877  0.055459  